{"packageName":"MyPackage","description":"Roblox Studio からエクスポート","version":"1.0","instances":[{"children":[{"children":[{"children":[],"properties":{"Reflectance":0,"CanCollide":true,"Color":[0.918,0.722,0.573],"CFrame":[-180.2142,0.8374,-52.8374,-0.951,0.1493,0.2707,0.0287,-0.8291,0.5583,0.3078,0.5388,0.7842],"CanTouch":true,"Anchored":true,"Transparency":0,"CanQuery":true,"Position":[-180.2142,0.8374,-52.8374],"Orientation":[-33.94,19.043,178.014],"Material":"SmoothPlastic","CastShadow":true,"Size":[0.8162,0.8181,0.9522]},"name":"Right Bre","className":"UnionOperation"},{"children":[],"properties":{"Reflectance":0,"CanCollide":true,"Color":[0.918,0.722,0.573],"CFrame":[-179.4818,0.8302,-52.8737,-0.9781,-0.1091,-0.177,-0.0096,-0.8266,0.5628,-0.2077,0.5522,0.8075],"CanTouch":true,"Anchored":true,"Transparency":0,"CanQuery":true,"Position":[-179.4818,0.8302,-52.8737],"Orientation":[-34.247,-12.362,-179.335],"Material":"SmoothPlastic","CastShadow":true,"Size":[0.8162,0.8181,0.9522]},"name":"Left Bre","className":"UnionOperation"},{"children":[{"children":[],"properties":[],"name":"Mesh","className":"SpecialMesh"}],"properties":{"Reflectance":0,"CanCollide":true,"Color":[0.855,0.525,0.478],"CFrame":[-180.2745,0.8307,-53.0514,-0.9517,0.1247,0.2804,-0.2124,-0.9271,-0.3088,0.2215,-0.3534,0.9089],"CanTouch":true,"Shape":"Block","Anchored":true,"Transparency":0,"CanQuery":true,"Position":[-180.2745,0.8307,-53.0514],"Orientation":[17.985,17.148,-167.095],"Material":"SmoothPlastic","CastShadow":true,"Size":[0.3293,0.3293,0.554]},"name":"Right Are","className":"Part"},{"children":[{"children":[],"properties":[],"name":"Mesh","className":"SpecialMesh"}],"properties":{"Reflectance":0,"CanCollide":false,"Color":[0.855,0.525,0.478],"CFrame":[-180.346,0.9092,-53.2804,-0.9517,0.1247,0.2804,-0.2124,-0.9271,-0.3088,0.2215,-0.3534,0.9089],"CanTouch":true,"Shape":"Block","Anchored":true,"Transparency":0,"CanQuery":true,"Position":[-180.346,0.9092,-53.2804],"Orientation":[17.985,17.148,-167.095],"Material":"SmoothPlastic","CastShadow":true,"Size":[0.147,0.147,0.1022]},"name":"Right Ni","className":"Part"},{"children":[{"children":[],"properties":[],"name":"Mesh","className":"SpecialMesh"}],"properties":{"Reflectance":0,"CanCollide":true,"Color":[0.855,0.525,0.478],"CFrame":[-179.427,0.8228,-53.0893,-0.927,0.318,-0.1991,-0.25,-0.9192,-0.3042,-0.2797,-0.2322,0.9316],"CanTouch":true,"Shape":"Block","Anchored":true,"Transparency":0,"CanQuery":true,"Position":[-179.427,0.8228,-53.0893],"Orientation":[17.708,-12.063,-164.786],"Material":"SmoothPlastic","CastShadow":true,"Size":[0.3293,0.3293,0.554]},"name":"Left Are","className":"Part"},{"children":[{"children":[],"properties":[],"name":"Mesh","className":"SpecialMesh"}],"properties":{"Reflectance":0,"CanCollide":false,"Color":[0.855,0.525,0.478],"CFrame":[-179.3775,0.9001,-53.3244,-0.927,0.318,-0.1991,-0.25,-0.9192,-0.3042,-0.2797,-0.2322,0.9316],"CanTouch":true,"Shape":"Block","Anchored":true,"Transparency":0,"CanQuery":true,"Position":[-179.3775,0.9001,-53.3244],"Orientation":[17.708,-12.063,-164.786],"Material":"SmoothPlastic","CastShadow":true,"Size":[0.1468,0.1468,0.1023]},"name":"Left Ni","className":"Part"}],"properties":[],"name":"Breasts","className":"Model"},{"children":[],"properties":{"Reflectance":0,"CanCollide":true,"Color":[0.918,0.722,0.573],"CFrame":[-179.8323,0.9095,-52.8077,1,0,-0,-0,1,-0,0,0,1],"CanTouch":true,"Shape":"Block","Anchored":false,"Transparency":1,"CanQuery":true,"Position":[-179.8323,0.9095,-52.8077],"Orientation":[0,0,0],"Material":"SmoothPlastic","CastShadow":true,"Size":[1.689,1.0553,1.1715]},"name":"Part","className":"Part"}],"properties":[],"name":"ChestArmor","className":"Model"},{"children":[{"children":[],"properties":{"Reflectance":0,"CanCollide":true,"Color":[0.973,0.973,0.973],"CFrame":[-205.2939,0.443,-45.4514,0,-0,-1,0.0175,0.9998,-0,0.9998,-0.0175,0],"CanTouch":true,"Anchored":false,"Transparency":0,"CanQuery":true,"Position":[-205.2939,0.443,-45.4514],"Orientation":[0,-90,1],"Material":"SmoothPlastic","CastShadow":true,"Size":[0.4159,0.6278,0.6464]},"name":"Union","className":"UnionOperation"},{"children":[],"properties":{"Reflectance":0,"CanCollide":true,"Color":[0.973,0.973,0.973],"CFrame":[-205.2904,0.5167,-45.9795,-0,0,-1,0.0174,0.9998,0,0.9998,-0.0174,-0],"CanTouch":true,"Anchored":false,"Transparency":0,"CanQuery":true,"Position":[-205.2904,0.5167,-45.9795],"Orientation":[0,-90,1],"Material":"SmoothPlastic","CastShadow":true,"Size":[1.1124,0.2221,0.1167]},"name":"Union","className":"UnionOperation"},{"children":[{"children":[],"properties":[],"name":"Weld","className":"ManualWeld"},{"children":[],"properties":[],"name":"Weld","className":"ManualWeld"},{"children":[],"properties":[],"name":"Weld","className":"ManualWeld"}],"properties":{"Reflectance":0,"CanCollide":true,"Color":[0.973,0.973,0.973],"CFrame":[-205.2877,0.6189,-45.9525,-0,0,-1,-0,1,0,1,0,-0],"CanTouch":true,"Anchored":false,"Transparency":0,"CanQuery":true,"Position":[-205.2877,0.6189,-45.9525],"Orientation":[0,-90,0],"Material":"SmoothPlastic","CastShadow":true,"Size":[1.3706,0.3611,0.3735]},"name":"Union","className":"UnionOperation"},{"children":[],"properties":{"Reflectance":0,"CanCollide":true,"Color":[0.855,0.525,0.478],"CFrame":[-205.2877,0.7036,-46.4561,1,0,-0,0,0.9998,0.0174,0,-0.0174,0.9998],"CanTouch":true,"Anchored":false,"Transparency":0,"CanQuery":true,"Position":[-205.2877,0.7036,-46.4561],"Orientation":[-1,-0.002,0],"Material":"SmoothPlastic","CastShadow":true,"Size":[0.3332,0.2722,0.3811]},"name":"Tip","className":"UnionOperation"},{"children":[],"properties":{"Reflectance":0,"CanCollide":true,"Color":[0.973,0.973,0.973],"CFrame":[-205.288,0.676,-46.4261,-0,-0,-1,-0.8571,0.5151,0,0.5151,0.8571,-0],"CanTouch":true,"Anchored":false,"Transparency":0,"CanQuery":true,"Position":[-205.288,0.676,-46.4261],"Orientation":[0,-90,-58.998],"Material":"SmoothPlastic","CastShadow":true,"Size":[0.2148,0.3888,0.3418]},"name":"Union","className":"UnionOperation"}],"properties":[],"name":"WaistArmor","className":"Model"}]}